9
cyclopropane
C                 -2.23684220   -0.39473684    0.00000000
C                 -0.73572720   -0.39473684    0.00000000
C                 -1.48631220    0.90523816    0.00000000
H                 -2.77343820   -0.70461184   -0.91385800
H                 -2.77343820   -0.70461184    0.91385800
H                 -0.19916620   -0.70450384   -0.91388800
H                 -0.19916620   -0.70450384    0.91388800
H                 -1.48653520    1.52476616    0.91394400
H                 -1.48653520    1.52476616   -0.91394400

