8
ethane-dibromide-dichloride
C                 -4.23197486   -2.52351093    0.00000000
H                 -5.30197486   -2.52349775    0.00000000
C                 -3.71863264   -1.79755466    1.25740497
H                 -2.64863264   -1.79756798    1.25740471
Cl                -3.64529804   -1.69384662   -1.43703425
Cl                -4.30530922   -2.62721974    2.69443887
Br                -3.59533004   -4.32428393    0.00000000
Br                -4.35527783    0.00321820    1.25740520


