18
cyclohexane-Br2Cl2
C                 -1.53749755   -0.43555283    0.06926162
C                 -0.02239155   -0.43555283    0.06926162
C                  0.52953945    0.97552517    0.06926162
C                 -0.02012355    1.78006217    1.22992262
C                 -1.53524855    1.78072317    1.22943362
C                 -2.08804855    0.37010217    1.22813762
H                  1.64813845    0.94153417    0.13197562
H                  0.35015745   -0.98118683    0.97582362
H                  0.35290245   -0.98541183   -0.83264838
H                 -1.91309455   -1.48977283    0.13276362
H                  0.35589945    2.83419917    1.16792762
H                 -1.91056855    2.33015117    2.13154762
H                 -1.90710355    2.32732417    0.32311062
H                 -3.20659655    0.40516317    1.16319962
Cl                 0.56436978    1.09780681    2.74336081
Cl                -2.12222355    0.24384472   -1.44537183
Br                 0.07213653    1.83651739   -1.57316798
Br                -1.63512854   -0.49098118    2.87176133

