18
cyclohexane - chair
C                 -4.66891784   -3.46436951    0.00000000
C                 -3.15381184   -3.46436951    0.00000000
C                 -2.60188084   -2.05329151    0.00000000
C                 -3.15154384   -1.24875451    1.16066100
C                 -4.66666884   -1.24809351    1.16017200
C                 -5.21946884   -2.65871451    1.15887600
H                 -1.48328184   -2.08728251    0.06271400 
H                 -2.78126284   -4.01000351    0.90656200
H                 -2.77851784   -4.01422851   -0.90191000
H                 -5.04160584   -3.03134051   -0.96538500
H                 -5.04451484   -4.51858951    0.06350200
H                 -2.77900884   -1.68359951    2.12527200
H                 -2.77552084   -0.19461751    1.09866600
H                 -5.04198884   -0.69866551    2.06228600
H                 -5.03852384   -0.70149251    0.25384900
H                 -4.95346484   -3.16443651    2.12419100
H                 -6.33801684   -2.62365351    1.09393800
H                 -2.87049884   -1.54765851   -0.96454600

